vetor2 = [265 100 234 -400 721];