vetor1 = [57 99 -27 -17 37];